40 390 720 460 40.634947 -8.660281
720 390 800 460 40.634935 -8.660258
800 390 880 460 40.634925 -8.660231
880 390 960 460 40.634952 -8.660195
960 390 1040 460 40.634929 -8.660170
1040 390 1120 460 40.634933 -8.660126
1120 390 1200 460 40.634954 -8.660058
1200 390 1280 460 40.634982 -8.659999
1280 390 1360 460 40.635002 -8.659949
1360 390 1440 460 40.634974 -8.659946

640 460 720 570 40.634875 -8.660330
720 460 800 570 40.634875 -8.660330
800 460 880 570 40.634873 -8.660309
880 460 960 570 40.634864 -8.660300
960 460 1040 570 40.634851 -8.660277
1040 460 1120 570 40.634839 -8.660253
1120 460 1200 570 40.634843 -8.660217
1200 460 1280 570 40.634858 -8.660179
1280 460 1360 570 40.634869 -8.660141
1360 460 1440 570 40.634889 -8.660095
1440 460 1520 570 40.634899 -8.660074
1520 460 1600 570 40.634873 -8.660077

640 570 720 720 40.634796 -8.660346
720 570 800 720 40.634814 -8.660319
800 570 880 720 40.634821 -8.660293
880 570 960 720 40.634821 -8.660293
960 570 1040 720 40.634804 -8.660293
1040 570 1120 720 40.634804 -8.660293
1120 570 1200 720 40.634810 -8.660265
1200 570 1280 720 40.634810 -8.660265
1280 570 1360 720 40.634791 -8.660268
1360 570 1440 720 40.634800 -8.660243
1440 570 1520 720 40.634795 -8.660215
1520 570 1600 720 40.634803 -8.660168

640 720 720 910 40.634774 -8.660375
720 720 800 910 40.634774 -8.660375 
800 720 880 910 40.634783 -8.660342 
880 720 960 910 40.634783 -8.660342
960 720 1040 910 40.634787 -8.660332 
1040 720 1120 910 40.634787 -8.660332 
1120 720 1200 910 40.634775 -8.660320 
1200 720 1280 910 40.634775 -8.660320
1280 720 1360 910 40.634781 -8.660310
1360 720 1440 910 40.634781 -8.660310
1440 720 1520 910 40.634766 -8.660291
1520 720 1600 910 40.634766 -8.660291 
